D = [0,0.363636363636364,0.736363636363636,0.795454545454545,0.813636363636364,0.372727272727273;0.363636363636364,0,0.704545454545455,0.795454545454545,0.818181818181818,0.290909090909091;0.736363636363636,0.704545454545455,0,0.313636363636364,0.322727272727273,0.586363636363636;0.795454545454545,0.795454545454545,0.313636363636364,0,0.200000000000000,0.709090909090909;0.813636363636364,0.818181818181818,0.322727272727273,0.200000000000000,0,0.772727272727273;0.372727272727273,0.290909090909091,0.586363636363636,0.709090909090909,0.772727272727273,0];
majors = {'Art History', 'English', 'Math', 'CS', 'ECE', 'Philosophy'};
[Y, eigs] = cmdscale(D);

clf;
scatter(Y(:, 1), Y(:, 2), 20, 'fill');
hold on;
for ii = 1:size(Y, 1)
    text(Y(ii, 1), Y(ii, 2), majors{ii});
end
axis equal;